Found valid dice [1, 2, 2, 3, 3, 3, 4, 4, 4, 4, 5, 5, 5, 5, 6, 6, 6, 6, 7, 7, 7, 7, 8, 8, 8, 8, 9, 9, 9, 10, 10, 11] and [1, 5, 9, 9, 13, 13, 17, 17, 17, 21, 21, 21, 25, 25, 25, 25, 29, 29, 29, 29, 33, 33, 33, 37, 37, 37, 41, 41, 45, 45, 49, 53]
Found valid dice [1, 2, 2, 3, 3, 3, 4, 4, 4, 4, 5, 5, 5, 6, 6, 7, 9, 10, 10, 11, 11, 11, 12, 12, 12, 12, 13, 13, 13, 14, 14, 15] and [1, 5, 5, 9, 9, 13, 13, 17, 17, 17, 21, 21, 21, 21, 25, 25, 25, 25, 29, 29, 29, 29, 33, 33, 33, 37, 37, 41, 41, 45, 45, 49]
Found valid dice [1, 2, 2, 3, 3, 3, 4, 4, 4, 4, 5, 5, 5, 6, 6, 7, 17, 18, 18, 19, 19, 19, 20, 20, 20, 20, 21, 21, 21, 22, 22, 23] and [1, 5, 5, 9, 9, 9, 13, 13, 13, 13, 17, 17, 17, 17, 21, 21, 21, 21, 25, 25, 25, 25, 29, 29, 29, 29, 33, 33, 33, 37, 37, 41]
Found valid dice [1, 2, 2, 3, 3, 4, 4, 5, 5, 5, 6, 6, 6, 6, 7, 7, 7, 7, 8, 8, 8, 8, 9, 9, 9, 10, 10, 11, 11, 12, 12, 13] and [1, 3, 9, 9, 11, 11, 17, 17, 17, 19, 19, 19, 25, 25, 25, 25, 27, 27, 27, 27, 33, 33, 33, 35, 35, 35, 41, 41, 43, 43, 49, 51]
Found valid dice [1, 2, 2, 3, 3, 4, 4, 5, 5, 6, 6, 7, 7, 8, 8, 9, 9, 10, 10, 11, 11, 12, 12, 13, 13, 14, 14, 15, 15, 16, 16, 17] and [1, 3, 5, 7, 9, 11, 13, 15, 17, 17, 19, 19, 21, 21, 23, 23, 25, 25, 27, 27, 29, 29, 31, 31, 33, 35, 37, 39, 41, 43, 45, 47]
Found valid dice [1, 2, 2, 3, 3, 4, 4, 5, 5, 6, 6, 7, 7, 8, 8, 9, 17, 18, 18, 19, 19, 20, 20, 21, 21, 22, 22, 23, 23, 24, 24, 25] and [1, 3, 5, 7, 9, 9, 11, 11, 13, 13, 15, 15, 17, 17, 19, 19, 21, 21, 23, 23, 25, 25, 27, 27, 29, 29, 31, 31, 33, 35, 37, 39]
Found valid dice [1, 2, 2, 3, 3, 4, 4, 5, 9, 9, 10, 10, 10, 10, 11, 11, 11, 11, 12, 12, 12, 12, 13, 13, 17, 18, 18, 19, 19, 20, 20, 21] and [1, 3, 5, 5, 7, 7, 9, 11, 17, 17, 19, 19, 21, 21, 21, 21, 23, 23, 23, 23, 25, 25, 27, 27, 33, 35, 37, 37, 39, 39, 41, 43]
Found valid dice [1, 2, 2, 3, 3, 4, 4, 5, 9, 10, 10, 11, 11, 12, 12, 13, 17, 18, 18, 19, 19, 20, 20, 21, 25, 26, 26, 27, 27, 28, 28, 29] and [1, 3, 5, 5, 7, 7, 9, 9, 11, 11, 13, 13, 15, 15, 17, 17, 19, 19, 21, 21, 23, 23, 25, 25, 27, 27, 29, 29, 31, 31, 33, 35]
Found valid dice [1, 2, 2, 3, 3, 4, 4, 5, 17, 17, 18, 18, 18, 18, 19, 19, 19, 19, 20, 20, 20, 20, 21, 21, 33, 34, 34, 35, 35, 36, 36, 37] and [1, 3, 5, 5, 7, 7, 9, 9, 9, 11, 11, 11, 13, 13, 13, 13, 15, 15, 15, 15, 17, 17, 17, 19, 19, 19, 21, 21, 23, 23, 25, 27]
Found valid dice [1, 2, 2, 3, 5, 5, 6, 6, 6, 6, 7, 7, 9, 9, 10, 10, 10, 10, 11, 11, 13, 13, 14, 14, 14, 14, 15, 15, 17, 18, 18, 19] and [1, 3, 3, 5, 9, 11, 11, 13, 17, 17, 19, 19, 19, 19, 21, 21, 25, 25, 27, 27, 27, 27, 29, 29, 33, 35, 35, 37, 41, 43, 43, 45]
Found valid dice [1, 2, 2, 3, 5, 5, 6, 6, 6, 6, 7, 7, 9, 10, 10, 11, 17, 18, 18, 19, 21, 21, 22, 22, 22, 22, 23, 23, 25, 26, 26, 27] and [1, 3, 3, 5, 9, 9, 11, 11, 11, 11, 13, 13, 17, 17, 19, 19, 19, 19, 21, 21, 25, 25, 27, 27, 27, 27, 29, 29, 33, 35, 35, 37]
Found valid dice [1, 2, 2, 3, 5, 6, 6, 7, 9, 9, 10, 10, 10, 10, 11, 11, 13, 13, 14, 14, 14, 14, 15, 15, 17, 18, 18, 19, 21, 22, 22, 23] and [1, 3, 3, 5, 5, 7, 7, 9, 17, 17, 19, 19, 19, 19, 21, 21, 21, 21, 23, 23, 23, 23, 25, 25, 33, 35, 35, 37, 37, 39, 39, 41]
Found valid dice [1, 2, 2, 3, 5, 6, 6, 7, 9, 10, 10, 11, 13, 14, 14, 15, 17, 18, 18, 19, 21, 22, 22, 23, 25, 26, 26, 27, 29, 30, 30, 31] and [1, 3, 3, 5, 5, 7, 7, 9, 9, 11, 11, 13, 13, 15, 15, 17, 17, 19, 19, 21, 21, 23, 23, 25, 25, 27, 27, 29, 29, 31, 31, 33]
Found valid dice [1, 2, 2, 3, 5, 6, 6, 7, 17, 17, 18, 18, 18, 18, 19, 19, 21, 21, 22, 22, 22, 22, 23, 23, 33, 34, 34, 35, 37, 38, 38, 39] and [1, 3, 3, 5, 5, 7, 7, 9, 9, 9, 11, 11, 11, 11, 13, 13, 13, 13, 15, 15, 15, 15, 17, 17, 17, 19, 19, 21, 21, 23, 23, 25]
Found valid dice [1, 2, 2, 3, 9, 9, 10, 10, 10, 10, 11, 11, 17, 17, 18, 18, 18, 18, 19, 19, 25, 25, 26, 26, 26, 26, 27, 27, 33, 34, 34, 35] and [1, 3, 3, 5, 5, 5, 7, 7, 7, 7, 9, 9, 9, 11, 11, 13, 17, 19, 19, 21, 21, 21, 23, 23, 23, 23, 25, 25, 25, 27, 27, 29]
Found valid dice [1, 2, 2, 3, 9, 10, 10, 11, 17, 17, 18, 18, 18, 18, 19, 19, 25, 25, 26, 26, 26, 26, 27, 27, 33, 34, 34, 35, 41, 42, 42, 43] and [1, 3, 3, 5, 5, 5, 7, 7, 7, 7, 9, 9, 9, 9, 11, 11, 11, 11, 13, 13, 13, 13, 15, 15, 15, 15, 17, 17, 17, 19, 19, 21]
Found valid dice [1, 2, 3, 3, 4, 4, 5, 5, 5, 6, 6, 6, 7, 7, 7, 7, 8, 8, 8, 8, 9, 9, 9, 10, 10, 10, 11, 11, 12, 12, 13, 14] and [1, 2, 9, 9, 10, 10, 17, 17, 17, 18, 18, 18, 25, 25, 25, 25, 26, 26, 26, 26, 33, 33, 33, 34, 34, 34, 41, 41, 42, 42, 49, 50]
Found valid dice [1, 2, 3, 3, 4, 4, 5, 5, 6, 6, 7, 7, 8, 8, 9, 9, 10, 10, 11, 11, 12, 12, 13, 13, 14, 14, 15, 15, 16, 16, 17, 18] and [1, 2, 5, 6, 9, 10, 13, 14, 17, 17, 18, 18, 21, 21, 22, 22, 25, 25, 26, 26, 29, 29, 30, 30, 33, 34, 37, 38, 41, 42, 45, 46]
Found valid dice [1, 2, 3, 3, 4, 4, 5, 5, 6, 6, 7, 7, 8, 8, 9, 10, 17, 18, 19, 19, 20, 20, 21, 21, 22, 22, 23, 23, 24, 24, 25, 26] and [1, 2, 5, 6, 9, 9, 10, 10, 13, 13, 14, 14, 17, 17, 18, 18, 21, 21, 22, 22, 25, 25, 26, 26, 29, 29, 30, 30, 33, 34, 37, 38]
Found valid dice [1, 2, 3, 3, 4, 4, 5, 6, 9, 9, 10, 10, 11, 11, 11, 11, 12, 12, 12, 12, 13, 13, 14, 14, 17, 18, 19, 19, 20, 20, 21, 22] and [1, 2, 5, 5, 6, 6, 9, 10, 17, 17, 18, 18, 21, 21, 21, 21, 22, 22, 22, 22, 25, 25, 26, 26, 33, 34, 37, 37, 38, 38, 41, 42]
Found valid dice [1, 2, 3, 3, 4, 4, 5, 6, 9, 10, 11, 11, 12, 12, 13, 14, 17, 18, 19, 19, 20, 20, 21, 22, 25, 26, 27, 27, 28, 28, 29, 30] and [1, 2, 5, 5, 6, 6, 9, 9, 10, 10, 13, 13, 14, 14, 17, 17, 18, 18, 21, 21, 22, 22, 25, 25, 26, 26, 29, 29, 30, 30, 33, 34]
Found valid dice [1, 2, 3, 3, 4, 4, 5, 6, 17, 17, 18, 18, 19, 19, 19, 19, 20, 20, 20, 20, 21, 21, 22, 22, 33, 34, 35, 35, 36, 36, 37, 38] and [1, 2, 5, 5, 6, 6, 9, 9, 9, 10, 10, 10, 13, 13, 13, 13, 14, 14, 14, 14, 17, 17, 17, 18, 18, 18, 21, 21, 22, 22, 25, 26]
Found valid dice [1, 2, 3, 4, 5, 5, 6, 6, 7, 7, 8, 8, 9, 9, 10, 10, 11, 11, 12, 12, 13, 13, 14, 14, 15, 15, 16, 16, 17, 18, 19, 20] and [1, 2, 3, 4, 9, 10, 11, 12, 17, 17, 18, 18, 19, 19, 20, 20, 25, 25, 26, 26, 27, 27, 28, 28, 33, 34, 35, 36, 41, 42, 43, 44]
Found valid dice [1, 2, 3, 4, 5, 5, 6, 6, 7, 7, 8, 8, 9, 10, 11, 12, 17, 18, 19, 20, 21, 21, 22, 22, 23, 23, 24, 24, 25, 26, 27, 28] and [1, 2, 3, 4, 9, 9, 10, 10, 11, 11, 12, 12, 17, 17, 18, 18, 19, 19, 20, 20, 25, 25, 26, 26, 27, 27, 28, 28, 33, 34, 35, 36]
Found valid dice [1, 2, 3, 4, 5, 6, 7, 8, 9, 9, 10, 10, 11, 11, 12, 12, 13, 13, 14, 14, 15, 15, 16, 16, 17, 18, 19, 20, 21, 22, 23, 24] and [1, 2, 3, 4, 5, 6, 7, 8, 17, 17, 18, 18, 19, 19, 20, 20, 21, 21, 22, 22, 23, 23, 24, 24, 33, 34, 35, 36, 37, 38, 39, 40]
Found valid dice [1, 2, 3, 4, 5, 6, 7, 8, 9, 10, 11, 12, 13, 14, 15, 16, 17, 18, 19, 20, 21, 22, 23, 24, 25, 26, 27, 28, 29, 30, 31, 32] and [1, 2, 3, 4, 5, 6, 7, 8, 9, 10, 11, 12, 13, 14, 15, 16, 17, 18, 19, 20, 21, 22, 23, 24, 25, 26, 27, 28, 29, 30, 31, 32]
